Device89:2015-12-08 13:34:11.350947: *** Notification read aloud over blutooth ***
Device89:2015-12-08 13:38:55.596106: *** New notification to test Bluetooth emulation ***
